32   (6, 11) 255.0
33 ! (6, 11) 252.166666667
34 " (6, 11) 253.3
35 # (6, 11) 248.766666667
36 $ (6, 11) 247.35
37 % (6, 11) 249.05
38 & (6, 11) 249.333333333
39 ' (6, 11) 253.866666667
40 ( (6, 11) 251.6
41 ) (6, 11) 251.6
42 * (6, 11) 252.45
43 + (6, 11) 252.45
44 , (6, 11) 253.866666667
45 - (6, 11) 253.583333333
46 . (6, 11) 254.433333333
47 / (6, 11) 252.733333333
48 0 (6, 11) 247.633333333
49 1 (6, 11) 249.333333333
50 2 (6, 11) 248.766666667
51 3 (6, 11) 249.05
52 4 (6, 11) 248.766666667
53 5 (6, 11) 248.2
54 6 (6, 11) 248.2
55 7 (6, 11) 249.616666667
56 8 (6, 11) 247.916666667
57 9 (6, 11) 248.2
58 : (6, 11) 253.866666667
59 ; (6, 11) 253.3
60 < (6, 11) 252.166666667
61 = (6, 11) 252.733333333
62 > (6, 11) 252.166666667
63 ? (6, 11) 251.6
64 @ (6, 11) 248.2
65 A (6, 11) 248.483333333
66 B (6, 11) 248.2
67 C (6, 11) 249.616666667
68 D (6, 11) 248.2
69 E (6, 11) 248.766666667
70 F (6, 11) 249.9
71 G (6, 11) 248.766666667
72 H (6, 11) 247.35
73 I (6, 11) 250.466666667
74 J (6, 11) 250.183333333
75 K (6, 11) 248.483333333
76 L (6, 11) 249.9
77 M (6, 11) 249.05
78 N (6, 11) 248.2
79 O (6, 11) 248.766666667
80 P (6, 11) 249.05
81 Q (6, 11) 248.2
82 R (6, 11) 247.916666667
83 S (6, 11) 249.05
84 T (6, 11) 249.9
85 U (6, 11) 248.2
86 V (6, 11) 249.9
87 W (6, 11) 249.333333333
88 X (6, 11) 249.333333333
89 Y (6, 11) 249.333333333
90 Z (6, 11) 248.766666667
91 [ (6, 11) 249.9
92 \ (6, 11) 252.733333333
93 ] (6, 11) 249.9
94 ^ (6, 11) 252.733333333
95 _ (6, 11) 253.3
96 ` (6, 11) 253.866666667
97 a (6, 11) 249.05
98 b (6, 11) 248.2
99 c (6, 11) 250.466666667
100 d (6, 11) 247.633333333
101 e (6, 11) 249.9
102 f (6, 11) 249.05
103 g (6, 11) 247.633333333
104 h (6, 11) 248.2
105 i (6, 11) 249.9
106 j (6, 11) 249.616666667
107 k (6, 11) 248.2
108 l (6, 11) 249.333333333
109 m (6, 11) 249.9
110 n (6, 11) 249.616666667
111 o (6, 11) 249.9
112 p (6, 11) 247.916666667
113 q (6, 11) 247.633333333
114 r (6, 11) 250.183333333
115 s (6, 11) 249.616666667
116 t (6, 11) 249.333333333
117 u (6, 11) 249.05
118 v (6, 11) 250.75
119 w (6, 11) 249.9
120 x (6, 11) 249.333333333
121 y (6, 11) 248.766666667
122 z (6, 11) 249.616666667
123 { (6, 11) 250.466666667
124 | (6, 11) 253.016666667
125 } (6, 11) 250.466666667
126 ~ (6, 11) 253.3
161 ¡ (6, 11) 251.6
162 ¢ (6, 11) 250.183333333
163 £ (6, 11) 249.05
164 ¤ (6, 11) 251.6
165 ¥ (6, 11) 247.633333333
166 ¦ (6, 11) 252.733333333
167 § (6, 11) 249.333333333
168 ¨ (6, 11) 254.433333333
169 © (6, 11) 249.616666667
170 ª (6, 11) 251.883333333
171 « (6, 11) 249.616666667
172 ¬ (6, 11) 253.016666667
173 ­ (6, 11) 253.583333333
174 ® (6, 11) 249.333333333
175 ¯ (6, 11) 253.866666667
176 ° (6, 11) 253.3
177 ± (6, 11) 251.316666667
178 ² (6, 11) 252.733333333
179 ³ (6, 11) 253.016666667
180 ´ (6, 11) 254.433333333
181 µ (6, 11) 248.2
182 ¶ (6, 11) 248.2
183 · (6, 11) 254.433333333
184 ¸ (6, 11) 253.866666667
185 ¹ (6, 11) 253.016666667
186 º (6, 11) 252.166666667
187 » (6, 11) 249.9
188 ¼ (6, 11) 249.9
189 ½ (6, 11) 249.9
190 ¾ (6, 11) 249.9
191 ¿ (6, 11) 251.033333333
192 À (6, 11) 247.916666667
193 Á (6, 11) 247.916666667
194 Â (6, 11) 247.633333333
195 Ã (6, 11) 247.066666667
196 Ä (6, 11) 247.916666667
197 Å (6, 11) 246.783333333
198 Æ (6, 11) 247.35
199 Ç (6, 11) 248.766666667
200 È (6, 11) 247.916666667
201 É (6, 11) 247.916666667
202 Ê (6, 11) 247.633333333
203 Ë (6, 11) 247.916666667
204 Ì (6, 11) 249.9
205 Í (6, 11) 249.9
206 Î (6, 11) 249.616666667
207 Ï (6, 11) 249.9
208 Ð (6, 11) 248.483333333
209 Ñ (6, 11) 246.5
210 Ò (6, 11) 248.2
211 Ó (6, 11) 248.2
212 Ô (6, 11) 247.916666667
213 Õ (6, 11) 247.35
214 Ö (6, 11) 248.2
215 × (6, 11) 252.45
216 Ø (6, 11) 248.2
217 Ù (6, 11) 247.633333333
218 Ú (6, 11) 247.633333333
219 Û (6, 11) 247.35
220 Ü (6, 11) 247.633333333
221 Ý (6, 11) 248.766666667
222 Þ (6, 11) 249.333333333
223 ß (6, 11) 248.483333333
224 à (6, 11) 248.766666667
225 á (6, 11) 248.766666667
226 â (6, 11) 248.483333333
227 ã (6, 11) 247.916666667
228 ä (6, 11) 248.766666667
229 å (6, 11) 247.633333333
230 æ (6, 11) 249.9
231 ç (6, 11) 249.616666667
232 è (6, 11) 249.333333333
233 é (6, 11) 249.333333333
234 ê (6, 11) 249.05
235 ë (6, 11) 249.333333333
236 ì (6, 11) 250.183333333
237 í (6, 11) 250.183333333
238 î (6, 11) 249.9
239 ï (6, 11) 250.183333333
240 ð (6, 11) 247.35
241 ñ (6, 11) 247.916666667
242 ò (6, 11) 249.333333333
243 ó (6, 11) 249.333333333
244 ô (6, 11) 249.05
245 õ (6, 11) 248.483333333
246 ö (6, 11) 249.333333333
247 ÷ (6, 11) 253.016666667
248 ø (6, 11) 249.05
249 ù (6, 11) 248.483333333
250 ú (6, 11) 248.483333333
251 û (6, 11) 248.2
252 ü (6, 11) 248.483333333
253 ý (6, 11) 247.916666667
254 þ (6, 11) 246.783333333
255 ÿ (6, 11) 247.916666667
